GO:0071852	fungal-type cell wall organization or biogenesis	0.00632892319282909	6.76890181051239e-06	24	271	233	7166	0.00%	0.00	YPS3, SOD1, SPI1, FMP45, NCA3, DFG5, ZEO1, HPF1, SUR7, TPS2, CCW12, YHR030C, SUN4, CWP2, NCW2, YNL194C, ECM33, YBR067C, CBK1, NCE102, EXG1, GFA1, FLC2, BAR1
GO:0006520	cellular amino acid metabolic process	5.04182098067043e-05	5.39232190446036e-08	29	271	250	7166	0.00%	0.00	GFA1, MET16, KRS1, ALT1, ARO10, MET10, SAM1, TRP2, MET5, HIS4, ILV2, LEU1, ADH4, IDH2, GAD1, LEU4, KGD2, ARG7, MET22, STR3, MET1, CPA2, DUG3, ASN1, SNZ1, PDC5, YHR208W, BNA4, MET6
GO:0006096	glycolytic process	0.00757812459217733	8.1049460878902e-06	8	271	29	7166	0.00%	0.00	HXK1, PGK1, TDH1, TPI1, TDH2, TDH3, EMI2, ENO1
